%---------------------------------------------------------------------
numvox = [64,64,4,1]';
voxdim = [3.0, 3.0, 3.75, 1]';   
offset = [0,0,0,1]';   
patient = 'hfs';
%---------------------------------------------------------------------
% sag_v2r:  ./002/ep2d_bold__iso__sag__A-P_0.nii.gz
%---------------------------------------------------------------------
sag_v2r = [-0.00000   -0.00000   -3.75000    5.62500;-3.00000   -0.00000   -0.00000   96.00000;0.00000   -3.00000    0.00000   96.00000;0.00000    0.00000    0.00000    1.00000];
% cor_v2r:  ./010/ep2d_bold__iso__cor__R-L_0.nii.gz
%---------------------------------------------------------------------
cor_v2r = [-3.00000   -0.00000   -0.00000   96.00000; -0.00000   -0.00000   -3.75000    5.62500; 0.00000   -3.00000    0.00000   96.00000; 0.00000    0.00000    0.00000    1.00000];
%---------------------------------------------------------------------
% tra_v2r: ./023/ep2d_bold__iso__tra__R-L_0.nii.gz
tra_v2r = [-3.00000   -0.00000   -0.00000   96.00000; -0.00000   -3.00000   -0.00000   96.00000; 0.00000    0.00000    3.75000   -5.62500; 0.00000    0.00000    0.00000    1.00000];
%---------------------------------------------------------------------

% t3: ./003/ep2d_bold__iso__sag__A-P_10.nii.gz
%---------------------------------------------------------------------
t3 = [-0.00000   -0.00000   -3.75000    5.62500;-2.95442    0.52094   -0.00000   77.87132;-0.52094   -2.95442    0.00000  111.21178;0.00000    0.00000    0.00000    1.00000];
% t12: ./012/ep2d_bold__iso__cor__R-L_20.nii.gz
%---------------------------------------------------------------------
t12 = [-2.81908   -1.02606   -0.00000  123.04443; -0.00000   -0.00000   -3.75000    5.62500; 1.02606   -2.81908    0.00000   57.37656; 0.00000    0.00000    0.00000    1.00000];
% t24: ./024/ep2d_bold__iso__tra__A-P_10.nii.gz
%---------------------------------------------------------------------
t24 = [-2.95442   -0.52094   -0.00000  111.21177;0.52094   -2.95442   -0.00000   77.87133;0.00000    0.00000    3.75000   -5.62500;0.00000    0.00000    0.00000    1.00000];


%---------------------------------------------------------------------
numvox = [64,64,16,1]';
offset = [0,0,0,1]';
voxdim = [4.0, 4.0, 4.0, 1]';   
patient = 'hfs';
%---------------------------------------------------------------------
% t3_8:  ./008/t1_fl3d_iso_SC-10-T-0_AP_0.nii.gz
%---------------------------------------------------------------------
t3_8 = [  -0.69459   -0.00000   -3.93923   51.77119; -3.93923   -0.00000    0.69459  120.84595; 0.00000   -4.00000    0.00000  128.00000; 0.00000    0.00000    0.00000    1.00000];
% t3_14: ./014/t1_fl3d_iso_ST-10-C-0_AP_0.nii.gz
%---------------------------------------------------------------------
t3_14 = [  -0.00000    0.69459   -3.93923    7.31727; -4.00000   -0.00000   -0.00000  128.00000; 0.00000   -3.93923   -0.69459  131.26483; 0.00000    0.00000    0.00000    1.00000];
% t3_10: ./010/t1_fl3d_iso_SC-10-T-5_AP_0.nii.gz
%---------------------------------------------------------------------
t3_10 = [  -0.69459    0.34333   -3.92424   40.67232; -3.93923   -0.06054    0.69195  122.80298; 0.00000   -3.98478   -0.34862  130.12759; 0.00000    0.00000    0.00000    1.00000];
% t3_16: ./016/t1_fl3d_iso_ST-10-C-5_AP_0.nii.gz
%---------------------------------------------------------------------
t3_16 = [-0.35396    0.68924   -3.92424   18.70299; -3.98431   -0.06123    0.34862  126.84258; 0.00000   -3.93970   -0.69195  131.25987; 0.00000    0.00000    0.00000    1.00000];
% t3_12:  ./012/t1_fl3d_iso_SC-10-T-5_AP_20.nii.gz
%---------------------------------------------------------------------
t3_12 = [  -0.53528    0.56019   -3.92424   28.63478; -3.72237    1.29041    0.69195   72.63316; -1.36287   -3.74447   -0.34862  166.04961; 0.00000    0.00000    0.00000    1.00000];
% t3_18:  ./018/t1_fl3d_iso_ST-10-C-5_AP_20.nii.gz
%---------------------------------------------------------------------
t3_18 = [  -0.09688    0.76873   -3.92424    7.93262; -3.76497    1.30518    0.34862   76.09865; -1.34746   -3.70210   -0.69195  166.77550; 0.00000    0.00000    0.00000    1.00000];


%---------------------------------------------------------------------
numvox = [64,64,16,1]';
offset = [0,0,0,1]';
voxdim = [4.0, 4.0, 4.0, 1]';   
patient = 'hfs';
%---------------------------------------------------------------------
% t3_26 ./026/t1_fl3d_iso_CT-10_RL-0.nii.gz
%---------------------------------------------------------------------
t3_26 = [  -4.00000   -0.00000   -0.00000  128.00000; -0.00000    0.69459   -3.93923    7.31727; 0.00000   -3.93923   -0.69459  131.26483; 0.00000    0.00000    0.00000    1.00000];
% t3_32 ./032/t1_fl3d_iso_CS-10_RL-0.nii.gz
%---------------------------------------------------------------------
t3_32 = [  -3.93923   -0.00000    0.69459  120.84595; -0.69459   -0.00000   -3.93923   51.77120; 0.00000   -4.00000    0.00000  128.00000; 0.00000    0.00000    0.00000    1.00000];
% t3_28  ./028/t1_fl3d_iso_CT-10-S-5_RL-0.nii.gz
%---------------------------------------------------------------------
t3_28 = [  -3.98431   -0.06123    0.34862  126.84256; -0.35396    0.68924   -3.92424   18.70298; -0.00000   -3.93970   -0.69195  131.25990; 0.00000    0.00000    0.00000    1.00000];
% t3_34  ./034/t1_fl3d_iso_CS-10-T-5_RL-0.nii.gz
%---------------------------------------------------------------------
t3_34 = [-3.93923   -0.06054    0.69195  122.80298; -0.69459    0.34333   -3.92424   40.67233; 0.00000   -3.98478   -0.34862  130.12759; 0.00000    0.00000    0.00000    1.00000];
% t3_30  ./030/t1_fl3d_iso_CT-10-S-5_RL-20.nii.gz
%---------------------------------------------------------------------
t3_30 = [  -3.72308   -1.42025    0.34862  161.97202; -0.56835    0.52661   -3.92424   30.76740; 1.34746   -3.70210   -0.69195   80.53835; 0.00000    0.00000    0.00000    1.00000];
% t3_36  ./036/t1_fl3d_iso_CS-10-T-5_RL-20.nii.gz
%---------------------------------------------------------------------
t3_36 = [  -3.68096   -1.40418    0.69195  157.53500; -0.77013    0.08506   -3.92424   51.35410; 1.36287   -3.74447   -0.34862   78.82564; 0.00000    0.00000    0.00000    1.00000];


%---------------------------------------------------------------------
numvox = [64,64,16,1]';
offset = [0,0,0,1]';
voxdim = [4.0, 4.0, 4.0, 1]';   
patient = 'hfs';
ack2D = false;
% t3_46:  ./046/t1_fl3d_iso_TS-10_AP-0.nii.gz
%---------------------------------------------------------------------
t3_46 = [  -3.93923   -0.00000    0.69459  120.84595; -0.00000   -4.00000   -0.00000  128.00000; 0.69459    0.00000    3.93923  -51.77120; 0.00000    0.00000    0.00000    1.00000];
% t3_54:  ./054/t1_fl3d_iso_TC-10_AP-0.nii.gz
%---------------------------------------------------------------------
t3_54 = [  -4.00000   -0.00000   -0.00000  128.00000; -0.00000   -3.93923    0.69459  120.84595; 0.00000    0.69459    3.93923  -51.77120; 0.00000    0.00000    0.00000    1.00000];
% t3_50:  ./050/t1_fl3d_iso_TS-10-C-5_AP-10.nii.gz
%---------------------------------------------------------------------
t3_50 = [-3.87984   -0.68412    0.69195  140.85724; 0.75217   -3.91315    0.34862   98.53660; 0.61730    0.46827    3.92424  -64.16991; 0.00000    0.00000    0.00000    1.00000 ];
% t3_58:  ./058/t1_fl3d_iso_TC-10-S-5_AP-20.nii.gz
%---------------------------------------------------------------------
t3_58 = [  -3.74447   -1.36287    0.34862  160.82027; 1.40418   -3.68096    0.69195   67.66727; 0.08506    0.77013    3.92424  -56.79773; 0.00000    0.00000    0.00000    1.00000];

%---------------------------------------------------------------------
numvox = [64,64,4,1]';
voxdim = [3.0, 3.0, 3.75, 1]';   
patient = 'hfs';
%---------------------------------------------------------------------
% t18:  ./018/ep2d_bold__R10A20H30__C-S_20_T_10__R-L_5.nii.gz
